{
 "cells": [
  {
   "cell_type": "code",
   "execution_count": 1,
   "metadata": {},
   "outputs": [],
   "source": [
    "%load_ext autoreload\n",
    "%autoreload 2\n",
    "import os,shutil\n",
    "import numpy as np\n",
    "import pandas as pd\n",
    "import pickle as pkl\n",
    "\n",
    "from inDecay import PATH\n",
    "os.chdir(PATH.main_dir)\n",
    "\n",
    "from qrguide import analysis_fn"
   ]
  },
  {
   "cell_type": "code",
   "execution_count": 2,
   "metadata": {},
   "outputs": [],
   "source": [
    "from inDecay import my_utils"
   ]
  },
  {
   "cell_type": "code",
   "execution_count": 3,
   "metadata": {},
   "outputs": [],
   "source": [
    "BOB = 'ST_June_2017_BOB_LV7A_DPI7'\n",
    "ETG = 'ST_June_2017_E14TG2A_LV7A_DPI7'\n",
    "CHO= 'ST_June_2017_CHO_LV7A_DPI7'\n",
    "HAP1 = 'ST_June_2017_HAP1_LV7A_DPI7'\n",
    "K562= 'ST_June_2017_K562_LV7A_DPI7'\n",
    "\n",
    "celltype_rename = { BOB:'iPSC', \n",
    "                    ETG:'mESC',\n",
    "                    CHO: 'CHO',\n",
    "                    HAP1: 'HAP1',\n",
    "                    K562: 'K562',}"
   ]
  },
  {
   "cell_type": "code",
   "execution_count": 4,
   "metadata": {},
   "outputs": [],
   "source": [
    "def read_pkl(path):\n",
    "    with open(path, 'rb') as f:\n",
    "        Y = pkl.load(f)\n",
    "    f.close()\n",
    "    return Y\n",
    "\n",
    "def evalute_fn(Y_true_path, Y_pred_path):\n",
    "    Y_pred =read_pkl(Y_pred_path)\n",
    "    Y = read_pkl(Y_true_path)\n",
    "\n",
    "    eval_json = analysis_fn.assessment_recipe_forecast(Y, Y_pred)\n",
    "    eval_json.update(analysis_fn.assessment_recipe_IDL_forecast(Y, Y_pred))\n",
    "\n",
    "    eval_df = pd.json_normalize(eval_json)\n",
    "    return eval_df\n"
   ]
  },
  {
   "cell_type": "markdown",
   "metadata": {},
   "source": [
    "# find the ckpt"
   ]
  },
  {
   "cell_type": "code",
   "execution_count": 5,
   "metadata": {},
   "outputs": [
    {
     "name": "stdout",
     "output_type": "stream",
     "text": [
      "for C100, checkpoints of 5 cells were found\n",
      "for C200, checkpoints of 5 cells were found\n",
      "for C500, checkpoints of 5 cells were found\n"
     ]
    }
   ],
   "source": [
    "pred_pkl_path_dict = {}\n",
    "true_pkl_path_dict = {}\n",
    "\n",
    "\n",
    "for feat_i in ['C100','C200','C500']:\n",
    "\n",
    "    pred_pkl_path_dict[feat_i] = {}\n",
    "    true_pkl_path_dict[feat_i] = {}\n",
    "\n",
    "    for exp in [BOB, ETG, HAP1, CHO, K562]:\n",
    "        \n",
    "        celltype = celltype_rename[exp]\n",
    "\n",
    "        # point to lightning saving path    \n",
    "        log_path = os.path.join(\n",
    "            f\"pl_trainer_log/ST_featv5fast_ST_DeepDecay_identity_{feat_i}\",\n",
    "            exp,\n",
    "            \"lightning_logs\"\n",
    "        )\n",
    "\n",
    "        if not os.path.exists(log_path):\n",
    "            continue\n",
    "\n",
    "        versions = [f for f in os.listdir(log_path) if f.startswith('version')]\n",
    "\n",
    "        # remove empty versions\n",
    "        if len(versions) > 1:\n",
    "            for v in versions:\n",
    "                 if 'checkpoints' not in os.listdir(os.path.join(log_path, v)):\n",
    "                     shutil.rmtree( os.path.join(log_path, v))\n",
    "                     \n",
    "        try:\n",
    "            pkl_path = my_utils.find_ckpt(log_path).replace(\".ckpt\", \"TestPred.pkl\")\n",
    "            pred_pkl_path_dict[feat_i][celltype] = pkl_path\n",
    "\n",
    "            Ytrue_path = log_path.replace(\"lightning_logs\",\"ForeCast_TestY.pkl\")\n",
    "            true_pkl_path_dict[feat_i][celltype] = Ytrue_path\n",
    "\n",
    "        except FileNotFoundError:\n",
    "            # skip some feat_i or celltype if no valid ckpt found\n",
    "            continue    \n",
    "\n",
    "    print(f\"for {feat_i}, checkpoints of {len(pred_pkl_path_dict[feat_i])} cells were found\")"
   ]
  },
  {
   "cell_type": "code",
   "execution_count": 6,
   "metadata": {},
   "outputs": [
    {
     "name": "stdout",
     "output_type": "stream",
     "text": [
      "{'iPSC': 'pl_trainer_log/ST_featv5fast_ST_DeepDecay_identity_C100/ST_June_2017_BOB_LV7A_DPI7/lightning_logs/version_0/checkpoints/epoch=89-val_cre=2.96463704TestPred.pkl', 'mESC': 'pl_trainer_log/ST_featv5fast_ST_DeepDecay_identity_C100/ST_June_2017_E14TG2A_LV7A_DPI7/lightning_logs/version_1/checkpoints/epoch=95-val_cre=3.02341413TestPred.pkl', 'HAP1': 'pl_trainer_log/ST_featv5fast_ST_DeepDecay_identity_C100/ST_June_2017_HAP1_LV7A_DPI7/lightning_logs/version_10/checkpoints/epoch=99-val_cre=3.25392866TestPred.pkl', 'CHO': 'pl_trainer_log/ST_featv5fast_ST_DeepDecay_identity_C100/ST_June_2017_CHO_LV7A_DPI7/lightning_logs/version_1/checkpoints/epoch=97-val_cre=3.27636862TestPred.pkl', 'K562': 'pl_trainer_log/ST_featv5fast_ST_DeepDecay_identity_C100/ST_June_2017_K562_LV7A_DPI7/lightning_logs/version_1/checkpoints/epoch=88-val_cre=3.34550405TestPred.pkl'}\n",
      "{'iPSC': 'pl_trainer_log/ST_featv5fast_ST_DeepDecay_identity_C200/ST_June_2017_BOB_LV7A_DPI7/lightning_logs/version_0/checkpoints/epoch=98-val_cre=2.96842384TestPred.pkl', 'mESC': 'pl_trainer_log/ST_featv5fast_ST_DeepDecay_identity_C200/ST_June_2017_E14TG2A_LV7A_DPI7/lightning_logs/version_0/checkpoints/epoch=94-val_cre=3.00123405TestPred.pkl', 'HAP1': 'pl_trainer_log/ST_featv5fast_ST_DeepDecay_identity_C200/ST_June_2017_HAP1_LV7A_DPI7/lightning_logs/version_1/checkpoints/epoch=95-val_cre=3.22896743TestPred.pkl', 'CHO': 'pl_trainer_log/ST_featv5fast_ST_DeepDecay_identity_C200/ST_June_2017_CHO_LV7A_DPI7/lightning_logs/version_0/checkpoints/epoch=90-val_cre=3.25270343TestPred.pkl', 'K562': 'pl_trainer_log/ST_featv5fast_ST_DeepDecay_identity_C200/ST_June_2017_K562_LV7A_DPI7/lightning_logs/version_1/checkpoints/epoch=97-val_cre=3.28963852TestPred.pkl'}\n",
      "{'iPSC': 'pl_trainer_log/ST_featv5fast_ST_DeepDecay_identity_C500/ST_June_2017_BOB_LV7A_DPI7/lightning_logs/version_1/checkpoints/epoch=85-val_cre=2.91359162TestPred.pkl', 'mESC': 'pl_trainer_log/ST_featv5fast_ST_DeepDecay_identity_C500/ST_June_2017_E14TG2A_LV7A_DPI7/lightning_logs/version_1/checkpoints/epoch=98-val_cre=2.99955440TestPred.pkl', 'HAP1': 'pl_trainer_log/ST_featv5fast_ST_DeepDecay_identity_C500/ST_June_2017_HAP1_LV7A_DPI7/lightning_logs/version_1/checkpoints/epoch=98-val_cre=3.21225309TestPred.pkl', 'CHO': 'pl_trainer_log/ST_featv5fast_ST_DeepDecay_identity_C500/ST_June_2017_CHO_LV7A_DPI7/lightning_logs/version_1/checkpoints/epoch=97-val_cre=3.23360395TestPred.pkl', 'K562': 'pl_trainer_log/ST_featv5fast_ST_DeepDecay_identity_C500/ST_June_2017_K562_LV7A_DPI7/lightning_logs/version_1/checkpoints/epoch=97-val_cre=3.30730319TestPred.pkl'}\n"
     ]
    }
   ],
   "source": [
    "for feat_i in ['C100','C200','C500']:\n",
    "    print(pred_pkl_path_dict[feat_i])"
   ]
  },
  {
   "cell_type": "markdown",
   "metadata": {},
   "source": [
    "# evaluation"
   ]
  },
  {
   "cell_type": "code",
   "execution_count": 17,
   "metadata": {},
   "outputs": [
    {
     "data": {
      "text/plain": [
       "[   KL divergence  Top5 events recall  Top10 events recall  \\\n",
       " 0       2.014625            3.120035             5.831421   \n",
       " \n",
       "    R2 of Frameshift ratio  Coll_I_Top5  Coll_I_Top10   KLD_IDL  Top5_IDL  \\\n",
       " 0                0.850139     3.225066      5.964695  0.237909  3.467785   \n",
       " \n",
       "    Top10_IDL  W1-distance_IDL  delratio_r2  Kendall_tau_IDL celltype  \\\n",
       " 0   7.029126         0.071106     0.790562         0.674679     iPSC   \n",
       " \n",
       "   feat_range  \n",
       " 0       C100  ]"
      ]
     },
     "execution_count": 17,
     "metadata": {},
     "output_type": "execute_result"
    }
   ],
   "source": [
    "perform"
   ]
  },
  {
   "cell_type": "code",
   "execution_count": 7,
   "metadata": {},
   "outputs": [],
   "source": [
    "perform = []\n",
    "for feat_range, pred_pkls in pred_pkl_path_dict.items():\n",
    "\n",
    "    true_pkls = true_pkl_path_dict[feat_range]\n",
    "    try:\n",
    "        for cell in celltype_rename.values():\n",
    "            df = evalute_fn(true_pkls[cell], pred_pkls[cell])\n",
    "            df['celltype'] = cell\n",
    "            df['feat_range'] = feat_range\n",
    "\n",
    "            perform.append(df)\n",
    "    except:\n",
    "        print(cell)\n",
    "\n",
    "featv5_df = pd.concat(perform, axis=0).reset_index().iloc[:, 1:]"
   ]
  },
  {
   "cell_type": "code",
   "execution_count": 8,
   "metadata": {},
   "outputs": [
    {
     "data": {
      "text/html": [
       "<div>\n",
       "<style scoped>\n",
       "    .dataframe tbody tr th:only-of-type {\n",
       "        vertical-align: middle;\n",
       "    }\n",
       "\n",
       "    .dataframe tbody tr th {\n",
       "        vertical-align: top;\n",
       "    }\n",
       "\n",
       "    .dataframe thead th {\n",
       "        text-align: right;\n",
       "    }\n",
       "</style>\n",
       "<table border=\"1\" class=\"dataframe\">\n",
       "  <thead>\n",
       "    <tr style=\"text-align: right;\">\n",
       "      <th></th>\n",
       "      <th>KL divergence</th>\n",
       "      <th>Top5 events recall</th>\n",
       "      <th>Top10 events recall</th>\n",
       "      <th>R2 of Frameshift ratio</th>\n",
       "      <th>Coll_I_Top5</th>\n",
       "      <th>Coll_I_Top10</th>\n",
       "      <th>KLD_IDL</th>\n",
       "      <th>Top5_IDL</th>\n",
       "      <th>Top10_IDL</th>\n",
       "      <th>W1-distance_IDL</th>\n",
       "      <th>delratio_r2</th>\n",
       "      <th>Kendall_tau_IDL</th>\n",
       "      <th>celltype</th>\n",
       "      <th>feat_range</th>\n",
       "    </tr>\n",
       "  </thead>\n",
       "  <tbody>\n",
       "    <tr>\n",
       "      <th>7</th>\n",
       "      <td>1.187942</td>\n",
       "      <td>3.363636</td>\n",
       "      <td>6.779347</td>\n",
       "      <td>0.801778</td>\n",
       "      <td>3.455428</td>\n",
       "      <td>7.010591</td>\n",
       "      <td>0.145256</td>\n",
       "      <td>3.695499</td>\n",
       "      <td>7.837599</td>\n",
       "      <td>0.055771</td>\n",
       "      <td>0.785395</td>\n",
       "      <td>0.768198</td>\n",
       "      <td>CHO</td>\n",
       "      <td>C200</td>\n",
       "    </tr>\n",
       "    <tr>\n",
       "      <th>4</th>\n",
       "      <td>1.111486</td>\n",
       "      <td>3.353045</td>\n",
       "      <td>6.586937</td>\n",
       "      <td>0.847792</td>\n",
       "      <td>3.403354</td>\n",
       "      <td>6.707855</td>\n",
       "      <td>0.146462</td>\n",
       "      <td>3.669020</td>\n",
       "      <td>7.611650</td>\n",
       "      <td>0.053288</td>\n",
       "      <td>0.850626</td>\n",
       "      <td>0.769500</td>\n",
       "      <td>K562</td>\n",
       "      <td>C100</td>\n",
       "    </tr>\n",
       "    <tr>\n",
       "      <th>2</th>\n",
       "      <td>1.333478</td>\n",
       "      <td>3.349515</td>\n",
       "      <td>6.789056</td>\n",
       "      <td>0.812693</td>\n",
       "      <td>3.469550</td>\n",
       "      <td>6.994704</td>\n",
       "      <td>0.154506</td>\n",
       "      <td>3.692851</td>\n",
       "      <td>7.809356</td>\n",
       "      <td>0.064535</td>\n",
       "      <td>0.784878</td>\n",
       "      <td>0.770782</td>\n",
       "      <td>CHO</td>\n",
       "      <td>C100</td>\n",
       "    </tr>\n",
       "    <tr>\n",
       "      <th>12</th>\n",
       "      <td>1.253783</td>\n",
       "      <td>3.336275</td>\n",
       "      <td>6.758164</td>\n",
       "      <td>0.793020</td>\n",
       "      <td>3.455428</td>\n",
       "      <td>7.012357</td>\n",
       "      <td>0.149746</td>\n",
       "      <td>3.703442</td>\n",
       "      <td>7.821712</td>\n",
       "      <td>0.057509</td>\n",
       "      <td>0.766625</td>\n",
       "      <td>0.766093</td>\n",
       "      <td>CHO</td>\n",
       "      <td>C500</td>\n",
       "    </tr>\n",
       "    <tr>\n",
       "      <th>9</th>\n",
       "      <td>1.145962</td>\n",
       "      <td>3.318623</td>\n",
       "      <td>6.574581</td>\n",
       "      <td>0.845628</td>\n",
       "      <td>3.375110</td>\n",
       "      <td>6.695499</td>\n",
       "      <td>0.151277</td>\n",
       "      <td>3.659312</td>\n",
       "      <td>7.606355</td>\n",
       "      <td>0.053564</td>\n",
       "      <td>0.852975</td>\n",
       "      <td>0.764080</td>\n",
       "      <td>K562</td>\n",
       "      <td>C200</td>\n",
       "    </tr>\n",
       "    <tr>\n",
       "      <th>14</th>\n",
       "      <td>1.218430</td>\n",
       "      <td>3.308032</td>\n",
       "      <td>6.553398</td>\n",
       "      <td>0.839652</td>\n",
       "      <td>3.367167</td>\n",
       "      <td>6.661959</td>\n",
       "      <td>0.155307</td>\n",
       "      <td>3.645190</td>\n",
       "      <td>7.590468</td>\n",
       "      <td>0.056116</td>\n",
       "      <td>0.847392</td>\n",
       "      <td>0.762157</td>\n",
       "      <td>K562</td>\n",
       "      <td>C500</td>\n",
       "    </tr>\n",
       "    <tr>\n",
       "      <th>3</th>\n",
       "      <td>1.185695</td>\n",
       "      <td>3.303619</td>\n",
       "      <td>6.383054</td>\n",
       "      <td>0.855528</td>\n",
       "      <td>3.411297</td>\n",
       "      <td>6.545455</td>\n",
       "      <td>0.149793</td>\n",
       "      <td>3.609885</td>\n",
       "      <td>7.520741</td>\n",
       "      <td>0.054744</td>\n",
       "      <td>0.830563</td>\n",
       "      <td>0.766862</td>\n",
       "      <td>HAP1</td>\n",
       "      <td>C100</td>\n",
       "    </tr>\n",
       "    <tr>\n",
       "      <th>6</th>\n",
       "      <td>1.401465</td>\n",
       "      <td>3.299206</td>\n",
       "      <td>6.501324</td>\n",
       "      <td>0.857485</td>\n",
       "      <td>3.418358</td>\n",
       "      <td>6.689320</td>\n",
       "      <td>0.197500</td>\n",
       "      <td>3.646072</td>\n",
       "      <td>7.926743</td>\n",
       "      <td>0.068274</td>\n",
       "      <td>0.768582</td>\n",
       "      <td>0.745756</td>\n",
       "      <td>mESC</td>\n",
       "      <td>C200</td>\n",
       "    </tr>\n",
       "    <tr>\n",
       "      <th>8</th>\n",
       "      <td>1.192699</td>\n",
       "      <td>3.296558</td>\n",
       "      <td>6.390997</td>\n",
       "      <td>0.848383</td>\n",
       "      <td>3.393645</td>\n",
       "      <td>6.545455</td>\n",
       "      <td>0.156893</td>\n",
       "      <td>3.599294</td>\n",
       "      <td>7.507502</td>\n",
       "      <td>0.056026</td>\n",
       "      <td>0.837235</td>\n",
       "      <td>0.762989</td>\n",
       "      <td>HAP1</td>\n",
       "      <td>C200</td>\n",
       "    </tr>\n",
       "    <tr>\n",
       "      <th>13</th>\n",
       "      <td>1.212467</td>\n",
       "      <td>3.295675</td>\n",
       "      <td>6.407767</td>\n",
       "      <td>0.848062</td>\n",
       "      <td>3.404237</td>\n",
       "      <td>6.557811</td>\n",
       "      <td>0.155753</td>\n",
       "      <td>3.616064</td>\n",
       "      <td>7.529568</td>\n",
       "      <td>0.056745</td>\n",
       "      <td>0.830224</td>\n",
       "      <td>0.762665</td>\n",
       "      <td>HAP1</td>\n",
       "      <td>C500</td>\n",
       "    </tr>\n",
       "    <tr>\n",
       "      <th>1</th>\n",
       "      <td>1.318381</td>\n",
       "      <td>3.283319</td>\n",
       "      <td>6.500441</td>\n",
       "      <td>0.861452</td>\n",
       "      <td>3.414828</td>\n",
       "      <td>6.650485</td>\n",
       "      <td>0.196301</td>\n",
       "      <td>3.646072</td>\n",
       "      <td>7.887908</td>\n",
       "      <td>0.065417</td>\n",
       "      <td>0.769938</td>\n",
       "      <td>0.743504</td>\n",
       "      <td>mESC</td>\n",
       "      <td>C100</td>\n",
       "    </tr>\n",
       "    <tr>\n",
       "      <th>11</th>\n",
       "      <td>1.427277</td>\n",
       "      <td>3.261253</td>\n",
       "      <td>6.499559</td>\n",
       "      <td>0.857484</td>\n",
       "      <td>3.388350</td>\n",
       "      <td>6.667255</td>\n",
       "      <td>0.200569</td>\n",
       "      <td>3.627538</td>\n",
       "      <td>7.901147</td>\n",
       "      <td>0.067685</td>\n",
       "      <td>0.768625</td>\n",
       "      <td>0.744042</td>\n",
       "      <td>mESC</td>\n",
       "      <td>C500</td>\n",
       "    </tr>\n",
       "    <tr>\n",
       "      <th>0</th>\n",
       "      <td>2.014625</td>\n",
       "      <td>3.120035</td>\n",
       "      <td>5.831421</td>\n",
       "      <td>0.850139</td>\n",
       "      <td>3.225066</td>\n",
       "      <td>5.964695</td>\n",
       "      <td>0.237909</td>\n",
       "      <td>3.467785</td>\n",
       "      <td>7.029126</td>\n",
       "      <td>0.071106</td>\n",
       "      <td>0.790562</td>\n",
       "      <td>0.674679</td>\n",
       "      <td>iPSC</td>\n",
       "      <td>C100</td>\n",
       "    </tr>\n",
       "    <tr>\n",
       "      <th>5</th>\n",
       "      <td>2.206429</td>\n",
       "      <td>3.089144</td>\n",
       "      <td>5.808473</td>\n",
       "      <td>0.850075</td>\n",
       "      <td>3.207414</td>\n",
       "      <td>5.951456</td>\n",
       "      <td>0.240580</td>\n",
       "      <td>3.449250</td>\n",
       "      <td>7.023831</td>\n",
       "      <td>0.073393</td>\n",
       "      <td>0.787876</td>\n",
       "      <td>0.675714</td>\n",
       "      <td>iPSC</td>\n",
       "      <td>C200</td>\n",
       "    </tr>\n",
       "    <tr>\n",
       "      <th>10</th>\n",
       "      <td>2.167905</td>\n",
       "      <td>3.048544</td>\n",
       "      <td>5.757282</td>\n",
       "      <td>0.849797</td>\n",
       "      <td>3.178288</td>\n",
       "      <td>5.889673</td>\n",
       "      <td>0.247055</td>\n",
       "      <td>3.413063</td>\n",
       "      <td>7.001765</td>\n",
       "      <td>0.073362</td>\n",
       "      <td>0.782529</td>\n",
       "      <td>0.672925</td>\n",
       "      <td>iPSC</td>\n",
       "      <td>C500</td>\n",
       "    </tr>\n",
       "  </tbody>\n",
       "</table>\n",
       "</div>"
      ],
      "text/plain": [
       "    KL divergence  Top5 events recall  Top10 events recall  \\\n",
       "7        1.187942            3.363636             6.779347   \n",
       "4        1.111486            3.353045             6.586937   \n",
       "2        1.333478            3.349515             6.789056   \n",
       "12       1.253783            3.336275             6.758164   \n",
       "9        1.145962            3.318623             6.574581   \n",
       "14       1.218430            3.308032             6.553398   \n",
       "3        1.185695            3.303619             6.383054   \n",
       "6        1.401465            3.299206             6.501324   \n",
       "8        1.192699            3.296558             6.390997   \n",
       "13       1.212467            3.295675             6.407767   \n",
       "1        1.318381            3.283319             6.500441   \n",
       "11       1.427277            3.261253             6.499559   \n",
       "0        2.014625            3.120035             5.831421   \n",
       "5        2.206429            3.089144             5.808473   \n",
       "10       2.167905            3.048544             5.757282   \n",
       "\n",
       "    R2 of Frameshift ratio  Coll_I_Top5  Coll_I_Top10   KLD_IDL  Top5_IDL  \\\n",
       "7                 0.801778     3.455428      7.010591  0.145256  3.695499   \n",
       "4                 0.847792     3.403354      6.707855  0.146462  3.669020   \n",
       "2                 0.812693     3.469550      6.994704  0.154506  3.692851   \n",
       "12                0.793020     3.455428      7.012357  0.149746  3.703442   \n",
       "9                 0.845628     3.375110      6.695499  0.151277  3.659312   \n",
       "14                0.839652     3.367167      6.661959  0.155307  3.645190   \n",
       "3                 0.855528     3.411297      6.545455  0.149793  3.609885   \n",
       "6                 0.857485     3.418358      6.689320  0.197500  3.646072   \n",
       "8                 0.848383     3.393645      6.545455  0.156893  3.599294   \n",
       "13                0.848062     3.404237      6.557811  0.155753  3.616064   \n",
       "1                 0.861452     3.414828      6.650485  0.196301  3.646072   \n",
       "11                0.857484     3.388350      6.667255  0.200569  3.627538   \n",
       "0                 0.850139     3.225066      5.964695  0.237909  3.467785   \n",
       "5                 0.850075     3.207414      5.951456  0.240580  3.449250   \n",
       "10                0.849797     3.178288      5.889673  0.247055  3.413063   \n",
       "\n",
       "    Top10_IDL  W1-distance_IDL  delratio_r2  Kendall_tau_IDL celltype  \\\n",
       "7    7.837599         0.055771     0.785395         0.768198      CHO   \n",
       "4    7.611650         0.053288     0.850626         0.769500     K562   \n",
       "2    7.809356         0.064535     0.784878         0.770782      CHO   \n",
       "12   7.821712         0.057509     0.766625         0.766093      CHO   \n",
       "9    7.606355         0.053564     0.852975         0.764080     K562   \n",
       "14   7.590468         0.056116     0.847392         0.762157     K562   \n",
       "3    7.520741         0.054744     0.830563         0.766862     HAP1   \n",
       "6    7.926743         0.068274     0.768582         0.745756     mESC   \n",
       "8    7.507502         0.056026     0.837235         0.762989     HAP1   \n",
       "13   7.529568         0.056745     0.830224         0.762665     HAP1   \n",
       "1    7.887908         0.065417     0.769938         0.743504     mESC   \n",
       "11   7.901147         0.067685     0.768625         0.744042     mESC   \n",
       "0    7.029126         0.071106     0.790562         0.674679     iPSC   \n",
       "5    7.023831         0.073393     0.787876         0.675714     iPSC   \n",
       "10   7.001765         0.073362     0.782529         0.672925     iPSC   \n",
       "\n",
       "   feat_range  \n",
       "7        C200  \n",
       "4        C100  \n",
       "2        C100  \n",
       "12       C500  \n",
       "9        C200  \n",
       "14       C500  \n",
       "3        C100  \n",
       "6        C200  \n",
       "8        C200  \n",
       "13       C500  \n",
       "1        C100  \n",
       "11       C500  \n",
       "0        C100  \n",
       "5        C200  \n",
       "10       C500  "
      ]
     },
     "execution_count": 8,
     "metadata": {},
     "output_type": "execute_result"
    }
   ],
   "source": [
    "featv5_df.sort_values(by=['Top5 events recall'],ascending=False)"
   ]
  },
  {
   "cell_type": "code",
   "execution_count": 12,
   "metadata": {},
   "outputs": [
    {
     "data": {
      "text/html": [
       "<div>\n",
       "<style scoped>\n",
       "    .dataframe tbody tr th:only-of-type {\n",
       "        vertical-align: middle;\n",
       "    }\n",
       "\n",
       "    .dataframe tbody tr th {\n",
       "        vertical-align: top;\n",
       "    }\n",
       "\n",
       "    .dataframe thead th {\n",
       "        text-align: right;\n",
       "    }\n",
       "</style>\n",
       "<table border=\"1\" class=\"dataframe\">\n",
       "  <thead>\n",
       "    <tr style=\"text-align: right;\">\n",
       "      <th></th>\n",
       "      <th>KL divergence</th>\n",
       "      <th>Top5 events recall</th>\n",
       "      <th>Top10 events recall</th>\n",
       "      <th>R2 of Frameshift ratio</th>\n",
       "      <th>Coll_I_Top5</th>\n",
       "      <th>Coll_I_Top10</th>\n",
       "      <th>KLD_IDL</th>\n",
       "      <th>Top5_IDL</th>\n",
       "      <th>Top10_IDL</th>\n",
       "      <th>W1-distance_IDL</th>\n",
       "      <th>delratio_r2</th>\n",
       "      <th>Kendall_tau_IDL</th>\n",
       "      <th>celltype</th>\n",
       "      <th>feat_range</th>\n",
       "    </tr>\n",
       "  </thead>\n",
       "  <tbody>\n",
       "    <tr>\n",
       "      <th>1</th>\n",
       "      <td>1.318381</td>\n",
       "      <td>3.283319</td>\n",
       "      <td>6.500441</td>\n",
       "      <td>0.861452</td>\n",
       "      <td>3.414828</td>\n",
       "      <td>6.650485</td>\n",
       "      <td>0.196301</td>\n",
       "      <td>3.646072</td>\n",
       "      <td>7.887908</td>\n",
       "      <td>0.065417</td>\n",
       "      <td>0.769938</td>\n",
       "      <td>0.743504</td>\n",
       "      <td>mESC</td>\n",
       "      <td>C100</td>\n",
       "    </tr>\n",
       "    <tr>\n",
       "      <th>6</th>\n",
       "      <td>1.401465</td>\n",
       "      <td>3.299206</td>\n",
       "      <td>6.501324</td>\n",
       "      <td>0.857485</td>\n",
       "      <td>3.418358</td>\n",
       "      <td>6.689320</td>\n",
       "      <td>0.197500</td>\n",
       "      <td>3.646072</td>\n",
       "      <td>7.926743</td>\n",
       "      <td>0.068274</td>\n",
       "      <td>0.768582</td>\n",
       "      <td>0.745756</td>\n",
       "      <td>mESC</td>\n",
       "      <td>C200</td>\n",
       "    </tr>\n",
       "    <tr>\n",
       "      <th>11</th>\n",
       "      <td>1.427277</td>\n",
       "      <td>3.261253</td>\n",
       "      <td>6.499559</td>\n",
       "      <td>0.857484</td>\n",
       "      <td>3.388350</td>\n",
       "      <td>6.667255</td>\n",
       "      <td>0.200569</td>\n",
       "      <td>3.627538</td>\n",
       "      <td>7.901147</td>\n",
       "      <td>0.067685</td>\n",
       "      <td>0.768625</td>\n",
       "      <td>0.744042</td>\n",
       "      <td>mESC</td>\n",
       "      <td>C500</td>\n",
       "    </tr>\n",
       "    <tr>\n",
       "      <th>3</th>\n",
       "      <td>1.185695</td>\n",
       "      <td>3.303619</td>\n",
       "      <td>6.383054</td>\n",
       "      <td>0.855528</td>\n",
       "      <td>3.411297</td>\n",
       "      <td>6.545455</td>\n",
       "      <td>0.149793</td>\n",
       "      <td>3.609885</td>\n",
       "      <td>7.520741</td>\n",
       "      <td>0.054744</td>\n",
       "      <td>0.830563</td>\n",
       "      <td>0.766862</td>\n",
       "      <td>HAP1</td>\n",
       "      <td>C100</td>\n",
       "    </tr>\n",
       "    <tr>\n",
       "      <th>0</th>\n",
       "      <td>2.014625</td>\n",
       "      <td>3.120035</td>\n",
       "      <td>5.831421</td>\n",
       "      <td>0.850139</td>\n",
       "      <td>3.225066</td>\n",
       "      <td>5.964695</td>\n",
       "      <td>0.237909</td>\n",
       "      <td>3.467785</td>\n",
       "      <td>7.029126</td>\n",
       "      <td>0.071106</td>\n",
       "      <td>0.790562</td>\n",
       "      <td>0.674679</td>\n",
       "      <td>iPSC</td>\n",
       "      <td>C100</td>\n",
       "    </tr>\n",
       "    <tr>\n",
       "      <th>5</th>\n",
       "      <td>2.206429</td>\n",
       "      <td>3.089144</td>\n",
       "      <td>5.808473</td>\n",
       "      <td>0.850075</td>\n",
       "      <td>3.207414</td>\n",
       "      <td>5.951456</td>\n",
       "      <td>0.240580</td>\n",
       "      <td>3.449250</td>\n",
       "      <td>7.023831</td>\n",
       "      <td>0.073393</td>\n",
       "      <td>0.787876</td>\n",
       "      <td>0.675714</td>\n",
       "      <td>iPSC</td>\n",
       "      <td>C200</td>\n",
       "    </tr>\n",
       "    <tr>\n",
       "      <th>10</th>\n",
       "      <td>2.167905</td>\n",
       "      <td>3.048544</td>\n",
       "      <td>5.757282</td>\n",
       "      <td>0.849797</td>\n",
       "      <td>3.178288</td>\n",
       "      <td>5.889673</td>\n",
       "      <td>0.247055</td>\n",
       "      <td>3.413063</td>\n",
       "      <td>7.001765</td>\n",
       "      <td>0.073362</td>\n",
       "      <td>0.782529</td>\n",
       "      <td>0.672925</td>\n",
       "      <td>iPSC</td>\n",
       "      <td>C500</td>\n",
       "    </tr>\n",
       "    <tr>\n",
       "      <th>8</th>\n",
       "      <td>1.192699</td>\n",
       "      <td>3.296558</td>\n",
       "      <td>6.390997</td>\n",
       "      <td>0.848383</td>\n",
       "      <td>3.393645</td>\n",
       "      <td>6.545455</td>\n",
       "      <td>0.156893</td>\n",
       "      <td>3.599294</td>\n",
       "      <td>7.507502</td>\n",
       "      <td>0.056026</td>\n",
       "      <td>0.837235</td>\n",
       "      <td>0.762989</td>\n",
       "      <td>HAP1</td>\n",
       "      <td>C200</td>\n",
       "    </tr>\n",
       "    <tr>\n",
       "      <th>13</th>\n",
       "      <td>1.212467</td>\n",
       "      <td>3.295675</td>\n",
       "      <td>6.407767</td>\n",
       "      <td>0.848062</td>\n",
       "      <td>3.404237</td>\n",
       "      <td>6.557811</td>\n",
       "      <td>0.155753</td>\n",
       "      <td>3.616064</td>\n",
       "      <td>7.529568</td>\n",
       "      <td>0.056745</td>\n",
       "      <td>0.830224</td>\n",
       "      <td>0.762665</td>\n",
       "      <td>HAP1</td>\n",
       "      <td>C500</td>\n",
       "    </tr>\n",
       "    <tr>\n",
       "      <th>4</th>\n",
       "      <td>1.111486</td>\n",
       "      <td>3.353045</td>\n",
       "      <td>6.586937</td>\n",
       "      <td>0.847792</td>\n",
       "      <td>3.403354</td>\n",
       "      <td>6.707855</td>\n",
       "      <td>0.146462</td>\n",
       "      <td>3.669020</td>\n",
       "      <td>7.611650</td>\n",
       "      <td>0.053288</td>\n",
       "      <td>0.850626</td>\n",
       "      <td>0.769500</td>\n",
       "      <td>K562</td>\n",
       "      <td>C100</td>\n",
       "    </tr>\n",
       "    <tr>\n",
       "      <th>9</th>\n",
       "      <td>1.145962</td>\n",
       "      <td>3.318623</td>\n",
       "      <td>6.574581</td>\n",
       "      <td>0.845628</td>\n",
       "      <td>3.375110</td>\n",
       "      <td>6.695499</td>\n",
       "      <td>0.151277</td>\n",
       "      <td>3.659312</td>\n",
       "      <td>7.606355</td>\n",
       "      <td>0.053564</td>\n",
       "      <td>0.852975</td>\n",
       "      <td>0.764080</td>\n",
       "      <td>K562</td>\n",
       "      <td>C200</td>\n",
       "    </tr>\n",
       "    <tr>\n",
       "      <th>14</th>\n",
       "      <td>1.218430</td>\n",
       "      <td>3.308032</td>\n",
       "      <td>6.553398</td>\n",
       "      <td>0.839652</td>\n",
       "      <td>3.367167</td>\n",
       "      <td>6.661959</td>\n",
       "      <td>0.155307</td>\n",
       "      <td>3.645190</td>\n",
       "      <td>7.590468</td>\n",
       "      <td>0.056116</td>\n",
       "      <td>0.847392</td>\n",
       "      <td>0.762157</td>\n",
       "      <td>K562</td>\n",
       "      <td>C500</td>\n",
       "    </tr>\n",
       "    <tr>\n",
       "      <th>2</th>\n",
       "      <td>1.333478</td>\n",
       "      <td>3.349515</td>\n",
       "      <td>6.789056</td>\n",
       "      <td>0.812693</td>\n",
       "      <td>3.469550</td>\n",
       "      <td>6.994704</td>\n",
       "      <td>0.154506</td>\n",
       "      <td>3.692851</td>\n",
       "      <td>7.809356</td>\n",
       "      <td>0.064535</td>\n",
       "      <td>0.784878</td>\n",
       "      <td>0.770782</td>\n",
       "      <td>CHO</td>\n",
       "      <td>C100</td>\n",
       "    </tr>\n",
       "    <tr>\n",
       "      <th>7</th>\n",
       "      <td>1.187942</td>\n",
       "      <td>3.363636</td>\n",
       "      <td>6.779347</td>\n",
       "      <td>0.801778</td>\n",
       "      <td>3.455428</td>\n",
       "      <td>7.010591</td>\n",
       "      <td>0.145256</td>\n",
       "      <td>3.695499</td>\n",
       "      <td>7.837599</td>\n",
       "      <td>0.055771</td>\n",
       "      <td>0.785395</td>\n",
       "      <td>0.768198</td>\n",
       "      <td>CHO</td>\n",
       "      <td>C200</td>\n",
       "    </tr>\n",
       "    <tr>\n",
       "      <th>12</th>\n",
       "      <td>1.253783</td>\n",
       "      <td>3.336275</td>\n",
       "      <td>6.758164</td>\n",
       "      <td>0.793020</td>\n",
       "      <td>3.455428</td>\n",
       "      <td>7.012357</td>\n",
       "      <td>0.149746</td>\n",
       "      <td>3.703442</td>\n",
       "      <td>7.821712</td>\n",
       "      <td>0.057509</td>\n",
       "      <td>0.766625</td>\n",
       "      <td>0.766093</td>\n",
       "      <td>CHO</td>\n",
       "      <td>C500</td>\n",
       "    </tr>\n",
       "  </tbody>\n",
       "</table>\n",
       "</div>"
      ],
      "text/plain": [
       "    KL divergence  Top5 events recall  Top10 events recall  \\\n",
       "1        1.318381            3.283319             6.500441   \n",
       "6        1.401465            3.299206             6.501324   \n",
       "11       1.427277            3.261253             6.499559   \n",
       "3        1.185695            3.303619             6.383054   \n",
       "0        2.014625            3.120035             5.831421   \n",
       "5        2.206429            3.089144             5.808473   \n",
       "10       2.167905            3.048544             5.757282   \n",
       "8        1.192699            3.296558             6.390997   \n",
       "13       1.212467            3.295675             6.407767   \n",
       "4        1.111486            3.353045             6.586937   \n",
       "9        1.145962            3.318623             6.574581   \n",
       "14       1.218430            3.308032             6.553398   \n",
       "2        1.333478            3.349515             6.789056   \n",
       "7        1.187942            3.363636             6.779347   \n",
       "12       1.253783            3.336275             6.758164   \n",
       "\n",
       "    R2 of Frameshift ratio  Coll_I_Top5  Coll_I_Top10   KLD_IDL  Top5_IDL  \\\n",
       "1                 0.861452     3.414828      6.650485  0.196301  3.646072   \n",
       "6                 0.857485     3.418358      6.689320  0.197500  3.646072   \n",
       "11                0.857484     3.388350      6.667255  0.200569  3.627538   \n",
       "3                 0.855528     3.411297      6.545455  0.149793  3.609885   \n",
       "0                 0.850139     3.225066      5.964695  0.237909  3.467785   \n",
       "5                 0.850075     3.207414      5.951456  0.240580  3.449250   \n",
       "10                0.849797     3.178288      5.889673  0.247055  3.413063   \n",
       "8                 0.848383     3.393645      6.545455  0.156893  3.599294   \n",
       "13                0.848062     3.404237      6.557811  0.155753  3.616064   \n",
       "4                 0.847792     3.403354      6.707855  0.146462  3.669020   \n",
       "9                 0.845628     3.375110      6.695499  0.151277  3.659312   \n",
       "14                0.839652     3.367167      6.661959  0.155307  3.645190   \n",
       "2                 0.812693     3.469550      6.994704  0.154506  3.692851   \n",
       "7                 0.801778     3.455428      7.010591  0.145256  3.695499   \n",
       "12                0.793020     3.455428      7.012357  0.149746  3.703442   \n",
       "\n",
       "    Top10_IDL  W1-distance_IDL  delratio_r2  Kendall_tau_IDL celltype  \\\n",
       "1    7.887908         0.065417     0.769938         0.743504     mESC   \n",
       "6    7.926743         0.068274     0.768582         0.745756     mESC   \n",
       "11   7.901147         0.067685     0.768625         0.744042     mESC   \n",
       "3    7.520741         0.054744     0.830563         0.766862     HAP1   \n",
       "0    7.029126         0.071106     0.790562         0.674679     iPSC   \n",
       "5    7.023831         0.073393     0.787876         0.675714     iPSC   \n",
       "10   7.001765         0.073362     0.782529         0.672925     iPSC   \n",
       "8    7.507502         0.056026     0.837235         0.762989     HAP1   \n",
       "13   7.529568         0.056745     0.830224         0.762665     HAP1   \n",
       "4    7.611650         0.053288     0.850626         0.769500     K562   \n",
       "9    7.606355         0.053564     0.852975         0.764080     K562   \n",
       "14   7.590468         0.056116     0.847392         0.762157     K562   \n",
       "2    7.809356         0.064535     0.784878         0.770782      CHO   \n",
       "7    7.837599         0.055771     0.785395         0.768198      CHO   \n",
       "12   7.821712         0.057509     0.766625         0.766093      CHO   \n",
       "\n",
       "   feat_range  \n",
       "1        C100  \n",
       "6        C200  \n",
       "11       C500  \n",
       "3        C100  \n",
       "0        C100  \n",
       "5        C200  \n",
       "10       C500  \n",
       "8        C200  \n",
       "13       C500  \n",
       "4        C100  \n",
       "9        C200  \n",
       "14       C500  \n",
       "2        C100  \n",
       "7        C200  \n",
       "12       C500  "
      ]
     },
     "execution_count": 12,
     "metadata": {},
     "output_type": "execute_result"
    }
   ],
   "source": [
    "featv5_df.sort_values(by=['R2 of Frameshift ratio'],ascending=False)"
   ]
  },
  {
   "cell_type": "code",
   "execution_count": 13,
   "metadata": {},
   "outputs": [
    {
     "data": {
      "text/html": [
       "<div>\n",
       "<style scoped>\n",
       "    .dataframe tbody tr th:only-of-type {\n",
       "        vertical-align: middle;\n",
       "    }\n",
       "\n",
       "    .dataframe tbody tr th {\n",
       "        vertical-align: top;\n",
       "    }\n",
       "\n",
       "    .dataframe thead th {\n",
       "        text-align: right;\n",
       "    }\n",
       "</style>\n",
       "<table border=\"1\" class=\"dataframe\">\n",
       "  <thead>\n",
       "    <tr style=\"text-align: right;\">\n",
       "      <th></th>\n",
       "      <th>KL divergence</th>\n",
       "      <th>Top5 events recall</th>\n",
       "      <th>Top10 events recall</th>\n",
       "      <th>R2 of Frameshift ratio</th>\n",
       "      <th>Coll_I_Top5</th>\n",
       "      <th>Coll_I_Top10</th>\n",
       "      <th>KLD_IDL</th>\n",
       "      <th>Top5_IDL</th>\n",
       "      <th>Top10_IDL</th>\n",
       "      <th>W1-distance_IDL</th>\n",
       "      <th>delratio_r2</th>\n",
       "      <th>Kendall_tau_IDL</th>\n",
       "      <th>celltype</th>\n",
       "      <th>feat_range</th>\n",
       "    </tr>\n",
       "  </thead>\n",
       "  <tbody>\n",
       "    <tr>\n",
       "      <th>0</th>\n",
       "      <td>2.014625</td>\n",
       "      <td>3.120035</td>\n",
       "      <td>5.831421</td>\n",
       "      <td>0.850139</td>\n",
       "      <td>3.225066</td>\n",
       "      <td>5.964695</td>\n",
       "      <td>0.237909</td>\n",
       "      <td>3.467785</td>\n",
       "      <td>7.029126</td>\n",
       "      <td>0.071106</td>\n",
       "      <td>0.790562</td>\n",
       "      <td>0.674679</td>\n",
       "      <td>iPSC</td>\n",
       "      <td>C100</td>\n",
       "    </tr>\n",
       "    <tr>\n",
       "      <th>5</th>\n",
       "      <td>2.206429</td>\n",
       "      <td>3.089144</td>\n",
       "      <td>5.808473</td>\n",
       "      <td>0.850075</td>\n",
       "      <td>3.207414</td>\n",
       "      <td>5.951456</td>\n",
