Identifier,N_gt,indel_size,Indelgen_seq,loc,Count
D1_L-3C1R0,-1,-1,CTCTCACGACATCTTCTGGGAGGTTTTCGTCCTGAGCATCACGGTTTCTAGAGAACCACCTACAGGAATTGAGCTCGG,"[(37,39,)]",54.25
Not Present,16,16,Not Present,Not Present,45.75
